A.S.Pushkin
1
D.R.R.Tolkien 
0
I.A.Krilov
2
M.Y.Lermontov
3
$
0
0.998016 0.000464512 0.0104141 0.000550642 0.0123451 0.00107338 0.0240647 5.68538e-05 0.00127463 3.02853e-06 6.7898e-05 0.00150344 0.0337062 0.0165514 0.00715183 0.0130504 0.00890891 0.00474067 0.00674131 0.00628542 0.00370955 0.0067351 0.0113062 0.00504978 0.00536462 0.00820878 0.00215458 0.00187451 0.00362268 0.00334413 0.0026234 0.00396668 0.00249021 0.00422773 0.00383654 0.00272843 0.00588838 0.00472394 0.00503522 0.00315006 0.00429775 0.00352602 0.00220101 0.00500478 0.00400321 0.00293011 0.00404736 0.00574606 0.00369498 0.00529398 0.00360061 0.00540282 0.00552687 0.00285705 0.00666923 0.000281903 0.00049072 0.00036891 0.000964039 0.000292344 0.000128771 0.000153133 7.3086e-05 6.96057e-06 0.00131555 3.13226e-05 0.000424595 0.000577727 4.17634e-05 0.0189432 0.00174014 2.4362e-05 0.00299305 2.08817e-05 0.000501161 0.000991881 3.48029e-06 0.00208121 0.000417634 0.000299305 0.000563806 0.000800466 0.000215778 2.4362e-05 0.0038666 0.000675175 0.00114501 0.000261021 0.000382831 5.91649e-05 0.00193156 0.000939677 0.000233179 3.13226e-05 0.000344548 0.000167054 1.04409e-05 0.00136079 0.000796985 0.00239792 0.000515082 0.00357425 0.0029826 0.000783064 0.000504641 0.00274246 0.00178887 0.000744781 0.000334107 0.000302785 0.000515082 0.00136775 0.0031253 0.00430511 0.0017471 0.00254757 0.000622971 0.000953598 0.00226567 0.000842229 8.35268e-05 0.00152088 0.000515082 
0
0.997634 0.000525862 0.0107925 0.00062844 0.0128977 0.00119008 0.0244244 5.46321e-05 0.00112124 6.34326e-06 0.000130185 0.00187235 0.038427 0.0201317 0.00435245 0.0129033 0.00999096 0.00510058 0.00761776 0.00679153 0.00402566 0.0074287 0.0118516 0.00531536 0.00604806 0.00916772 0.00247144 0.00201846 0.00435021 0.00442604 0.00328261 0.00427837 0.00311399 0.00543976 0.00394811 0.00340733 0.00636368 0.00484011 0.00485806 0.00343427 0.00402893 0.00366774 0.00206735 0.00626989 0.00474632 0.00314692 0.00446595 0.00616113 0.00377151 0.00546769 0.00396308 0.00480618 0.00618508 0.00350112 0.00707807 0.000184414 0.000575732 0.000431799 0.00119644 0.000616213 0.000139435 0.00019341 0.000143933 4.4979e-06 0.00161475 2.24895e-05 0.000323849 0.000670188 2.69874e-05 0.0202046 0.00190711 3.14853e-05 0.00325648 8.54602e-05 0.000310355 0.000796129 0 0.00254132 0.000620711 0.00038682 0.000517259 0.000715167 0.000553242 8.99581e-05 0.00511412 0.000778137 0.00140335 0.00019341 0.000382322 0.000121443 0.00272123 0.000620711 0.000283368 5.39748e-05 0.000283368 0.000332845 2.69874e-05 0.00188462 0.000940062 0.00248284 0.000553242 0.00403912 0.00337343 0.00114247 0.000782635 0.00350387 0.00219947 0.000800627 0.000350836 0.000265376 0.000436297 0.00148431 0.00265826 0.00447991 0.00223546 0.00313054 0.000724162 0.00147531 0.0023704 0.000962551 0.000139435 0.00206454 0.000715167 
0
0.997907 0.000389737 0.00850585 0.000487278 0.0106346 0.00094789 0.0206873 4.54979e-05 0.000992973 3.64842e-06 7.96252e-05 0.00175789 0.0383653 0.0176746 0.00947142 0.0109804 0.00950615 0.00486524 0.00712352 0.00654939 0.0035544 0.00699015 0.0109991 0.00523701 0.00559054 0.00859278 0.00227715 0.00190306 0.0041291 0.00403776 0.00304925 0.00445208 0.00268604 0.00447057 0.0039562 0.00289048 0.00663571 0.00444012 0.00426069 0.00320476 0.00360386 0.00337658 0.00188675 0.00594299 0.00450754 0.00308296 0.00433246 0.00573529 0.00331785 0.00585491 0.00352991 0.00467066 0.00556891 0.0033396 0.00644431 0.000245307 0.000783916 0.000383959 0.00115188 0.000575938 0.000111988 0.000186647 8.53242e-05 0 0.00141851 1.59983e-05 0.000538609 0.000565273 5.86604e-05 0.0186113 0.00168515 1.59983e-05 0.00327432 2.66638e-05 0.000533276 0.00197846 0 0.00246374 0.000853242 0.000431954 0.000671928 0.000885239 0.000442619 4.26621e-05 0.00487415 0.000581271 0.00122654 0.000255973 0.000357295 3.73293e-05 0.00248507 0.000890571 0.000287969 2.66638e-05 0.00034663 0.000303967 6.39932e-05 0.00172782 0.00133852 0.00275171 0.000527943 0.00360495 0.0034023 0.000698592 0.000826578 0.00275704 0.00273037 0.000826578 0.000522611 0.000447952 0.000234642 0.0018558 0.00290636 0.00415955 0.00204245 0.0028477 0.000629266 0.00149317 0.00285836 0.00090657 7.46587e-05 0.00192513 0.000666595 
1
0.998285 0.00012726 0.00306944 8.37498e-05 0.00201999 0.000149639 0.00360918 1.10074e-05 0.000265492 1.14228e-06 2.7551e-05 0.00170116 0.041031 0.00841095 0.017402 0.00739583 0.00818525 0.00474482 0.00735023 0.00575416 0.00395657 0.00708407 0.00947179 0.00429925 0.00493275 0.00729751 0.00214787 0.0023673 0.00416492 0.00257407 0.00432527 0.00297495 0.00374716 0.00407631 0.00292431 0.00217319 0.00616088 0.00427464 0.00438013 0.00329987 0.00321547 0.00342224 0.00150224 0.00520299 0.00286945 0.00306778 0.00314374 0.00464176 0.00340958 0.00443921 0.00364589 0.0037556 0.00601741 0.00405943 0.00494136 0.000401858 0.00138139 0.000853949 0.00163255 0.000954413 0.000100465 0.000175813 0.000100465 7.53484e-05 0.00143162 0.000125581 0.000803717 0.000452091 0.000150697 0.011679 0.00278789 0.000226045 0.00148185 0.000602787 0.00115534 0.000477207 2.51161e-05 0.00256185 0.000477207 0.000125581 0.000150697 0.00123069 0.000376742 0.000251161 0.00625392 0.000728368 0.000803717 0.00032651 0.000853949 0.000100465 0.0021851 0.00165767 0.000452091 2.51161e-05 0.000552555 0.00110511 0.000226045 0.00203441 0.00120557 0.00356649 0.00032651 0.00331533 0.00364184 0.000251161 0.000627904 0.00323998 0.00773577 0.000602787 0.00032651 0.00133116 0.00032651 0.00113023 0.00291347 0.00462137 0.00238603 0.00339068 0.00100465 0.00160743 0.00258696 0.00198418 2.51161e-05 0.00565113 0.00113023 
1
0.997424 0.000161018 0.00316662 0.000310104 0.00609857 0.000479154 0.00942315 2.89145e-05 0.000568638 2.67727e-06 5.26517e-05 0.00250623 0.049288 0.014469 0.0149788 0.014469 0.0112553 0.00617608 0.0079029 0.00719236 0.00371448 0.00694078 0.0118611 0.00514198 0.00637848 0.00970954 0.00192235 0.003791 0.00505466 0.00386975 0.00402726 0.00342586 0.00294975 0.00657607 0.00447832 0.00257745 0.00739227 0.00463941 0.00436018 0.00535179 0.00419909 0.00383037 0.00191519 0.00448548 0.00404158 0.00429933 0.00479334 0.00632549 0.00468952 0.00471458 0.00452127 0.00453917 0.00725623 0.00376952 0.00693047 0.000268332 0.000551571 0.000357776 0.00128203 0.000268332 0.000104351 5.96293e-05 0.000119259 0 0.00137147 5.96293e-05 0.00477034 0.00113296 0.000775181 0.0199609 0.0022361 1.49073e-05 0.000581386 0.000268332 0.00207212 0.00168453 0 0.00229573 0.000253424 8.94439e-05 0.000268332 0.000357776 0.00083481 0.000178888 0.00439766 0.000327961 0.000566478 0.000357776 0.000819903 7.45366e-05 0.00169943 0.000864625 0.000298146 0.000149073 0.000104351 0.000298146 0 0.00125222 0.00158018 0.00547099 0.00038759 0.00567969 0.00353304 0.000283239 0.00120749 0.00353304 0.00399516 0.000670829 0.000879532 0.000372683 0.000357776 0.00102861 0.00333924 0.00438275 0.00237026 0.00283239 0.000193795 0.000506849 0.00277276 0.00210193 0.000193795 0.00169943 0.00137147 
2
0.997877 2.59235e-07 5.61676e-06 7.12896e-07 1.54461e-05 2.07388e-06 4.4934e-05 0 0 0 0 0.00212339 0.0460068 0.00499546 0.0224796 0 0.0105481 0.00464118 0.00689145 0.00548503 0.0033754 0.00407861 0.00970428 0.00464118 0.00576631 0.0119546 0.000631673 0.00189502 0.00252669 0.00379004 0.000631673 0.00252669 0.00505338 0.00505338 0.00505338 0.000631673 0.00315836 0.00379004 0.00189502 0.00189502 0.00126335 0.00252669 0.00315836 0.00379004 0.000631673 0.00252669 0.0107384 0.00252669 0.00315836 0.00189502 0.00631673 0.00252669 0.00631673 0.00631673 0.00947509 0 0 0 0 0 0 0 0 0 0.0012873 0 0 0 0 0.0154476 0.0012873 0 0 0 0 0 0 0.0012873 0 0 0 0 0 0 0.0025746 0 0 0 0 0 0 0 0 0 0 0 0.012873 0 0 0 0 0.0038619 0 0 0 0.0025746 0.0012873 0 0 0 0 0.0012873 0 0.0077238 0.0025746 0.0038619 0 0.0025746 0 0 0 0.0012873 0 
2
0.999997 2.25613e-09 1.20252e-06 3.86766e-09 2.06146e-06 6.23123e-09 3.32124e-06 2.1487e-10 1.14526e-07 0 0 3.52e-06 0.00187616 0.000764889 0.000417212 0.000347677 0.000342442 0.000217676 0.000297314 0.00025484 0.000100874 0.000265459 0.000493753 0.000180512 0.000220331 0.000395533 5.98733e-05 2.39493e-05 0.000239493 0.000119747 3.5924e-05 8.38227e-05 0.000203569 0.000191595 0.00017962 0.000119747 0.000263443 0.000167645 0.000191595 0.000143696 0.000167645 9.57973e-05 9.57973e-05 0.000131721 0.000191595 8.38227e-05 0.000167645 0.000287392 0.000167645 0.000191595 0.00017962 8.38227e-05 0.000191595 0.000167645 0.00035924 0 0 0.000149734 0 0 0 0 0 0 7.48672e-05 0 0 0 7.48672e-05 0.000374336 0 0 7.48672e-05 0 0 0 0 7.48672e-05 0 0 0 7.48672e-05 0 0 0.000598938 0 0 0 7.48672e-05 0 7.48672e-05 0 0 0 0 0 0 0 7.48672e-05 7.48672e-05 0 7.48672e-05 7.48672e-05 0 0 0.000149734 0 0 0 0 0 0 7.48672e-05 7.48672e-05 0 0.000374336 7.48672e-05 0.000299469 7.48672e-05 0 0 0.000149734 0 
2
0.999678 1.27599e-07 7.11364e-06 6.87071e-08 3.83042e-06 2.55198e-07 1.42273e-05 0 0 0 0 0.000321589 0.0179286 0.00801919 0.00400959 0 0.00409414 0.00243699 0.00224203 0.00243699 0.00165715 0.00190085 0.00414288 0.00233951 0.0028269 0.00311934 0.000414884 0.000622327 0.00331907 0.00124465 0.000414884 0.00165954 0.000829769 0.00331907 0.00145209 0.00186698 0.00269675 0.000622327 0.000414884 0.00145209 0.000829769 0.00145209 0.000207442 0.00207442 0.00228186 0.00124465 0.00103721 0.00145209 0.00103721 0.00186698 0.000622327 0.00269675 0.00165954 0.00124465 0.00186698 0 0 0.000858761 0 0 0 0.000858761 0 0 0.000858761 0 0 0 0 0.00257628 0 0 0 0 0 0 0 0.000858761 0 0 0 0 0 0 0.00343504 0 0 0 0.000858761 0 0.000858761 0 0 0 0 0 0 0.000858761 0.000858761 0 0 0.000858761 0.00171752 0 0 0.00257628 0.00515256 0 0 0 0.00171752 0.000858761 0 0 0 0.00343504 0 0 0.000858761 0 0 0 0.00171752 
3
0.999446 1.06366e-06 4.52054e-05 5.74037e-07 2.43966e-05 1.94159e-06 8.25178e-05 2.36368e-07 1.00456e-05 3.37669e-08 1.43509e-06 0.000553169 0.0235097 0.00604727 0.0099348 0.00172779 0.00476642 0.00265106 0.00385984 0.00361259 0.00233513 0.00359885 0.00526092 0.00282963 0.00296699 0.00420324 0.0013092 0.00172263 0.00220497 0.00165373 0.00192935 0.00206716 0.00151592 0.00186044 0.00179154 0.00186044 0.00275621 0.00192935 0.00213606 0.00248059 0.00241168 0.00165373 0.0013092 0.00248059 0.00186044 0.00151592 0.00234278 0.00316964 0.00220497 0.00289402 0.00199825 0.0026184 0.00365198 0.00179154 0.00227387 0.000335538 0.000671075 0.000335538 0.000671075 0 0 0.000335538 0.00100661 0 0 0 0.000335538 0.000335538 0 0.00872398 0.000671075 0 0.000335538 0 0.000335538 0.000335538 0 0.00201323 0.000671075 0.000335538 0 0.000335538 0 0.00134215 0.00134215 0.000335538 0.000335538 0 0 0.000335538 0.000671075 0.00201323 0 0 0.000671075 0.000335538 0 0.000335538 0.000335538 0.00234876 0.000335538 0.00335538 0.00100661 0 0.000671075 0.00134215 0.000335538 0 0 0 0 0 0.0026843 0.00167769 0.000671075 0.000335538 0.00134215 0.00100661 0.00134215 0.00134215 0 0.000671075 0.0026843 
3
0.995473 2.72147e-05 0.000403127 2.25178e-05 0.000333552 4.11675e-05 0.000609807 3.17735e-06 4.70656e-05 9.67021e-07 1.43243e-05 0.00452621 0.067046 0.026929 0.0150802 0.013285 0.0133712 0.00737778 0.0117352 0.00954864 0.00666989 0.010052 0.0157623 0.00725194 0.00784971 0.0126004 0.0034495 0.00384149 0.0067422 0.00572303 0.00572303 0.00595823 0.00603662 0.00721259 0.00580143 0.00462546 0.00831016 0.00744778 0.00619342 0.00603662 0.00548784 0.00454707 0.00243033 0.00776137 0.00525265 0.00486066 0.00603662 0.00893734 0.00313591 0.00705579 0.00548784 0.00611502 0.00964292 0.00493906 0.00917253 0.000429522 0.000859045 0.000429522 0.00128857 0.000859045 0.000429522 0.000429522 0.00128857 0 0.00214761 0 0.00128857 0.00214761 0 0.018899 0.00472475 0 0.00687236 0 0.000859045 0.0038657 0 0.00300666 0.00214761 0.000859045 0 0.00687236 0.000859045 0.000859045 0.0124561 0.00214761 0.00128857 0.000429522 0 0 0.00601331 0.000859045 0.00257713 0 0.000429522 0.00171809 0 0.00343618 0.00558379 0.0038657 0.000859045 0.00944949 0.00601331 0.00128857 0.00214761 0.00472475 0.00429522 0.00171809 0.00171809 0.00128857 0.000429522 0.000859045 0.00515427 0.00730188 0.00171809 0.00257713 0.00171809 0.000859045 0.00128857 0.00257713 0 0.00558379 0.00515427 
3
0.998805 1.37463e-05 0.000397315 9.58959e-06 0.000277172 1.57517e-05 0.000455279 1.16679e-06 3.37244e-05 1.09387e-07 3.16166e-06 0.00119465 0.0345295 0.00803935 0.0148225 0.00376844 0.00683734 0.00370586 0.00510315 0.00540139 0.00377213 0.00527988 0.00799714 0.00370034 0.00467236 0.00642312 0.0026076 0.00133154 0.00332885 0.00255212 0.00255212 0.00238568 0.0021915 0.0037727 0.00227472 0.00266308 0.0050765 0.0024689 0.00421655 0.0024689 0.00249664 0.00368948 0.00141476 0.00360626 0.00185861 0.00230246 0.00307919 0.00341207 0.00294049 0.00429977 0.00202505 0.00332885 0.00585323 0.00321789 0.00463265 0 0.000458716 0 0.00183486 0.000764527 0 0.000305811 0.000305811 0 0.00152905 0.000152905 0.000611622 0 0 0.00886851 0.00152905 0 0.0027523 0.000152905 0.000458716 0.000458716 0 0.00214068 0.000305811 0 0 0.00198777 0.000152905 0.000305811 0.00718655 0.00152905 0.000764527 0 0.000152905 0.000152905 0.00259939 0.000305811 0.000305811 0 0.000458716 0.000305811 0 0.00305811 0.000917432 0.00428135 0.000152905 0.0027523 0.00305811 0.000305811 0.000458716 0.00519878 0.00366973 0.000152905 0.000458716 0.000305811 0.000152905 0.00137615 0.0027523 0.00305811 0.000917432 0.0029052 0.00152905 0.000917432 0.00259939 0.00137615 0 0.00229358 0.000152905 
